--- Selection Sort ---
[15, 8, 10, 2, 5] Select 2
[2, 8, 10, 15, 5] Select 5
[2, 5, 10, 15, 8] Select 8
[2, 5, 8, 15, 10] Select 10
[2, 5, 8, 10, 15]

--- Insertion Sort ---
[2, 5, 8, 3, 9, 4, 1] Insert 5
[2, 5, 8, 3, 9, 4, 1] Insert 8
[2, 5, 8, 3, 9, 4, 1] Insert 3
[2, 5, 3, 8, 9, 4, 1] Insert 3
[2, 3, 5, 8, 9, 4, 1] Insert 3
[2, 3, 5, 8, 9, 4, 1] Insert 9
[2, 3, 5, 8, 9, 4, 1] Insert 4
[2, 3, 5, 8, 4, 9, 1] Insert 4
[2, 3, 5, 4, 8, 9, 1] Insert 4
[2, 3, 4, 5, 8, 9, 1] Insert 4
[2, 3, 4, 5, 8, 9, 1] Insert 1
[2, 3, 4, 5, 8, 1, 9] Insert 1
[2, 3, 4, 5, 1, 8, 9] Insert 1
[2, 3, 4, 1, 5, 8, 9] Insert 1
[2, 3, 1, 4, 5, 8, 9] Insert 1
[2, 1, 3, 4, 5, 8, 9] Insert 1
[1, 2, 3, 4, 5, 8, 9] Insert 1

--- Shell Sort ---
[10, 16, 11, 4, 15, 3, 9, 6, 1, 17, 8, 12, 7] Size: 13 Space: 6 Order: 10 9 7 
[7, 16, 11, 4, 15, 3, 9, 6, 1, 17, 8, 12, 10] Order: 16 6 
[7, 6, 11, 4, 15, 3, 9, 16, 1, 17, 8, 12, 10] Order: 11 1 
[7, 6, 1, 4, 15, 3, 9, 16, 11, 17, 8, 12, 10] Order: 4 17 
[7, 6, 1, 4, 15, 3, 9, 16, 11, 17, 8, 12, 10] Order: 15 8 
[7, 6, 1, 4, 8, 3, 9, 16, 11, 17, 15, 12, 10] Order: 3 12 
[7, 6, 1, 4, 8, 3, 9, 16, 11, 17, 15, 12, 10] Space: 3 Order: 7 4 9 17 10 
[4, 6, 1, 7, 8, 3, 9, 16, 11, 10, 15, 12, 17] Order: 6 8 16 15 
[4, 6, 1, 7, 8, 3, 9, 15, 11, 10, 16, 12, 17] Order: 1 3 11 12 
[4, 6, 1, 7, 8, 3, 9, 15, 11, 10, 16, 12, 17] Space: 1 Order: 4 6 1 7 8 3 9 15 11 10 16 12 17 
[1, 3, 4, 6, 7, 8, 9, 10, 11, 12, 15, 16, 17] Space: 0